ID,Experiment,Variable,Region,carbonbudget,minlevel,inertia,gamma,PRTP,damage_coeff,perc_reversible,TCRE,2020,2021,2022,2023,2024,2025,2026,2027,2028,2029,2030,2031,2032,2033,2034,2035,2036,2037,2038,2039,2040,2041,2042,2043,2044,2045,2046,2047,2048,2049,2050,2051,2052,2053,2054,2055,2056,2057,2058,2059,2060,2061,2062,2063,2064,2065,2066,2067,2068,2069,2070,2071,2072,2073,2074,2075,2076,2077,2078,2079,2080,2081,2082,2083,2084,2085,2086,2087,2088,2089,2090,2091,2092,2093,2094,2095,2096,2097,2098,2099,2100,2101,2102,2103,2104,2105,2106,2107,2108,2109,2110,2111,2112,2113,2114,2115,2116,2117,2118,2119,2120,2121,2122,2123,2124,2125,2126,2127,2128,2129,2130,2131,2132,2133,2134,2135,2136,2137,2138,2139,2140,2141,2142,2143,2144,2145,2146,2147,2148,2149,2150
33f3b7580,netnegs,global_emissions,Global,600 GtCO2,-20 GtCO2/yr,-0.0506,954.9608 USD2005/tCO2,0.001,0.0240686,1,0.42 delta_degC/(TtCO2),43.478,41.278,39.078,36.878,34.6781,32.4781,30.2781,28.0781,25.8781,23.6781,21.4781,19.2782,17.0782,14.8782,12.6782,10.4782,8.27821,6.07823,3.87824,1.67826,0.545551,-0.0805295,-0.677533,-1.24685,-1.7896,-2.30674,-2.79903,-3.26708,-3.71148,-4.13272,-4.53123,-4.96149,-5.36689,-5.74767,-6.10403,-6.43624,-6.74449,-7.02902,-7.29002,-7.52765,-7.74216,-8.05119,-8.33818,-8.60272,-8.84426,-9.0625,-9.25686,-9.42709,-9.57266,-9.69324,-9.78846,-9.93493,-10.0548,-10.1472,-10.2116,-10.247,-10.2529,-10.2283,-10.1726,-10.0849,-9.96439,-9.87292,-9.74615,-9.58277,-9.3816,-9.14134,-8.86061,-8.53783,-8.17156,-7.76013,-7.3017,-6.86154,-6.36723,-5.81612,-5.20518,-4.53105,-3.79025,-2.97878,-2.09245,-1.12645,-0.0761827,-2.04036e-05,-9.92075e-06,-6.59062e-06,-4.94955e-06,-3.97117e-06,-3.32106e-06,-2.85776e-06,-2.51092e-06,-2.24168e-06,-2.02675e-06,-1.83976e-06,-1.68655e-06,-1.55888e-06,-1.45097e-06,-1.35871e-06,-1.27904e-06,-1.20968e-06,-1.14886e-06,-1.09522e-06,-1.04768e-06,-1.00259e-06,-9.62569e-07,-9.26934e-07,-8.95136e-07,-8.66733e-07,-8.41358e-07,-8.18707e-07,-7.98541e-07,-7.80659e-07,-7.64898e-07,-7.49812e-07,-7.36755e-07,-7.25645e-07,-7.16429e-07,-7.09082e-07,-7.03619e-07,-7.0009e-07,-6.98587e-07,-6.99254e-07,-7.023e-07,-7.06969e-07,-7.14691e-07,-7.26008e-07,-7.41692e-07,-7.62863e-07,-7.91204e-07,-8.29365e-07,-8.81769e-07,-9.56479e-07,-1.07015e-06
33f3b7580,netnegs,temperature,Global,600 GtCO2,-20 GtCO2/yr,-0.0506,954.9608 USD2005/tCO2,0.001,0.0240686,1,0.42 delta_degC/(TtCO2),1.09622,1.11356,1.12997,1.14546,1.16003,1.17367,1.18638,1.19818,1.20905,1.21899,1.22801,1.23611,1.24328,1.24953,1.25486,1.25926,1.26273,1.26529,1.26691,1.26762,1.26785,1.26781,1.26753,1.26701,1.26625,1.26529,1.26411,1.26274,1.26118,1.25944,1.25754,1.25546,1.2532,1.25079,1.24823,1.24552,1.24269,1.23974,1.23668,1.23351,1.23026,1.22688,1.22338,1.21977,1.21605,1.21224,1.20836,1.2044,1.20038,1.19631,1.19219,1.18802,1.1838,1.17954,1.17525,1.17094,1.16664,1.16234,1.15807,1.15383,1.14965,1.1455,1.14141,1.13738,1.13344,1.1296,1.12588,1.1223,1.11887,1.11561,1.11254,1.10966,1.10698,1.10454,1.10235,1.10045,1.09886,1.09761,1.09673,1.09626,1.09622,1.09622,1.09622,1.09622,1.09622,1.09622,1.09622,1.09622,1.09622,1.09622,1.09622,1.09622,1.09622,1.09622,1.09622,1.09622,1.09622,1.09622,1.09622,1.09622,1.09622,1.09622,1.09622,1.09622,1.09622,1.09622,1.09622,1.09622,1.09622,1.09622,1.09622,1.09622,1.09622,1.09622,1.09622,1.09622,1.09622,1.09622,1.09622,1.09622,1.09622,1.09622,1.09622,1.09622,1.09622,1.09622,1.09622,1.09622,1.09622,1.09622,1.09622
33f3b7580,netnegs,temperaturedot,Global,600 GtCO2,-20 GtCO2/yr,-0.0506,954.9608 USD2005/tCO2,0.001,0.0240686,1,0.42 delta_degC/(TtCO2),0,0.0173368,0.0164128,0.0154888,0.0145648,0.0136408,0.0127168,0.0117928,0.0108688,0.00994481,0.00902082,0.00809682,0.00717283,0.00624883,0.00532484,0.00440084,0.00347685,0.00255286,0.00162886,0.000704868,0.000229132,-3.38224e-05,-0.000284564,-0.000523675,-0.000751633,-0.00096883,-0.00117559,-0.00137217,-0.00155882,-0.00173574,-0.00190312,-0.00208383,-0.00225409,-0.00241402,-0.00256369,-0.00270322,-0.00283269,-0.00295219,-0.00306181,-0.00316161,-0.00325171,-0.0033815,-0.00350203,-0.00361314,-0.00371459,-0.00380625,-0.00388788,-0.00395938,-0.00402052,-0.00407116,-0.00411115,-0.00417267,-0.00422301,-0.00426183,-0.00428886,-0.00430376,-0.0043062,-0.00429589,-0.0042725,-0.00423566,-0.00418504,-0.00414663,-0.00409338,-0.00402476,-0.00394027,-0.00383936,-0.00372146,-0.00358589,-0.00343206,-0.00325926,-0.00306671,-0.00288185,-0.00267424,-0.00244277,-0.00218617,-0.00190304,-0.00159191,-0.00125109,-0.000878831,-0.000473111,-3.19967e-05,-8.56951e-09,-4.16672e-09,-2.76806e-09,-2.07881e-09,-1.66789e-09,-1.39484e-09,-1.20026e-09,-1.05459e-09,-9.41506e-10,-8.51233e-10,-7.727e-10,-7.08353e-10,-6.5473e-10,-6.09409e-10,-5.70658e-10,-5.37199e-10,-5.08065e-10,-4.82522e-10,-4.59993e-10,-4.40024e-10,-4.21089e-10,-4.04279e-10,-3.89312e-10,-3.75957e-10,-3.64028e-10,-3.5337e-10,-3.43857e-10,-3.35387e-10,-3.27877e-10,-3.21257e-10,-3.14921e-10,-3.09437e-10,-3.04771e-10,-3.009e-10,-2.97814e-10,-2.9552e-10,-2.94038e-10,-2.93406e-10,-2.93687e-10,-2.94966e-10,-2.96927e-10,-3.0017e-10,-3.04923e-10,-3.11511e-10,-3.20402e-10,-3.32306e-10,-3.48333e-10,-3.70343e-10,-4.01721e-10,-4.49463e-10
33f3b7580,netnegs,smoothed_factor,Global,600 GtCO2,-20 GtCO2/yr,-0.0506,954.9608 USD2005/tCO2,0.001,0.0240686,1,0.42 delta_degC/(TtCO2),1,1,1,1,1,1,1,1,1,1,1,1,1,1,1,1,1,1,1,1,1,1,1,1,1,1,1,1,1,1,1,1,1,1,1,1,1,1,1,1,1,1,1,1,1,1,1,1,1,1,1,1,1,1,1,1,1,1,1,1,1,1,1,1,1,1,1,1,1,1,1,1,1,1,1,1,1,1,1,1,1,1,1,1,1,1,1,1,1,1,1,1,1,1,1,1,1,1,1,1,1,1,1,1,1,1,1,1,1,1,1,1,1,1,1,1,1,1,1,1,1,1,1,1,1,1,1,1,1,1,1
33f3b7580,netnegs,cumulative_emissions,Global,600 GtCO2,-20 GtCO2/yr,-0.0506,954.9608 USD2005/tCO2,0.001,0.0240686,1,0.42 delta_degC/(TtCO2),-5.00072e-09,41.278,80.3561,117.234,151.912,184.39,214.668,242.746,268.625,292.303,313.781,333.059,350.137,365.015,377.693,388.172,396.45,402.528,406.406,408.085,408.63,408.55,407.872,406.625,404.836,402.529,399.73,396.463,392.751,388.619,384.087,379.126,373.759,368.011,361.907,355.471,348.727,341.698,334.408,326.88,319.138,311.087,302.748,294.146,285.301,276.239,266.982,257.555,247.982,238.289,228.501,218.566,208.511,198.364,188.152,177.905,167.652,157.424,147.251,137.166,127.202,117.329,107.583,98.0001,88.6185,79.4772,70.6166,62.0787,53.9072,46.147,38.8453,31.9838,25.6166,19.8005,14.5953,10.0642,6.27398,3.29519,1.20274,0.0762847,0.000101981,8.15774e-05,7.16567e-05,6.50661e-05,6.01165e-05,5.61453e-05,5.28243e-05,4.99665e-05,4.74556e-05,4.52139e-05,4.31872e-05,4.13474e-05,3.96609e-05,3.8102e-05,3.6651e-05,3.52923e-05,3.40132e-05,3.28036e-05,3.16547e-05,3.05595e-05,2.95118e-05,2.85092e-05,2.75466e-05,2.66197e-05,2.57246e-05,2.48578e-05,2.40165e-05,2.31978e-05,2.23992e-05,2.16186e-05,2.08537e-05,2.01039e-05,1.93671e-05,1.86415e-05,1.7925e-05,1.7216e-05,1.65123e-05,1.58122e-05,1.51137e-05,1.44144e-05,1.37121e-05,1.30051e-05,1.22904e-05,1.15644e-05,1.08227e-05,1.00599e-05,9.26868e-06,8.43932e-06,7.55755e-06,6.60107e-06,5.53092e-06
33f3b7580,netnegs,learning_factor,Global,600 GtCO2,-20 GtCO2/yr,-0.0506,954.9608 USD2005/tCO2,0.001,0.0240686,1,0.42 delta_degC/(TtCO2),1,0.982794,0.950279,0.908634,0.863457,0.818552,0.776004,0.736719,0.700924,0.668499,0.639174,0.612732,0.588891,0.567287,0.547619,0.529633,0.513118,0.497894,0.483809,0.470736,0.458795,0.447919,0.437955,0.428775,0.420277,0.412376,0.405003,0.398099,0.391614,0.385507,0.379739,0.374283,0.369116,0.364213,0.359552,0.355114,0.350882,0.346839,0.342973,0.339271,0.335722,0.332305,0.32901,0.32583,0.322758,0.319788,0.316917,0.314138,0.311448,0.308842,0.306316,0.303864,0.301482,0.299167,0.296918,0.294731,0.292604,0.290535,0.288522,0.286563,0.284657,0.2828,0.28099,0.279229,0.277512,0.27584,0.27421,0.272623,0.271077,0.26957,0.268103,0.266672,0.265275,0.263912,0.262582,0.261286,0.260022,0.258791,0.257593,0.256427,0.255294,0.254177,0.253074,0.251986,0.250912,0.249851,0.248805,0.247771,0.24675,0.245741,0.244745,0.243761,0.242791,0.241832,0.240887,0.239953,0.239031,0.23812,0.237221,0.236332,0.235455,0.234588,0.233733,0.232889,0.232055,0.231232,0.230418,0.229616,0.228822,0.228038,0.227264,0.226499,0.225745,0.224999,0.224263,0.223536,0.222818,0.222108,0.221407,0.220715,0.220031,0.219354,0.218687,0.218027,0.217376,0.216733,0.216098,0.21547,0.21485,0.214236,0.213631
33f3b7580,netnegs,baseline,WorldOrig,600 GtCO2,-20 GtCO2/yr,-0.0506,954.9608 USD2005/tCO2,0.001,0.0240686,1,0.42 delta_degC/(TtCO2),43.478,44.0974,44.6989,45.2777,45.8315,46.3599,46.8638,47.3446,47.8038,48.2433,48.6649,48.8315,48.9863,49.1306,49.2657,49.3927,49.5128,49.6268,49.7358,49.8406,50.0626,50.314,50.5704,50.8318,51.098,51.3689,51.6444,51.9244,52.2087,52.4973,52.7898,52.9538,53.121,53.2915,53.4649,53.6414,53.8208,54.0029,54.1877,54.375,54.5648,54.9061,55.2491,55.5938,55.9404,56.2888,56.6392,56.9914,57.3456,57.7016,58.0595,58.4507,58.8433,59.2372,59.6327,60.0296,60.4281,60.828,61.2295,61.6323,62.0365,62.4262,62.8167,63.208,63.6001,63.9931,64.3869,64.7814,65.1767,65.5725,65.9689,66.4885,67.0083,67.5284,68.0487,68.5692,69.0897,69.6101,70.1302,70.65,71.1691,71.6549,72.1371,72.6182,73.0983,73.5776,74.056,74.5337,75.0106,75.4869,75.9625,76.3391,76.7162,77.0938,77.4716,77.8497,78.2279,78.6063,78.9847,79.3632,79.7416,80.0219,80.3031,80.585,80.8676,81.1506,81.4341,81.7179,82.0019,82.2861,82.5704,82.7569,82.9445,83.1328,83.3218,83.5113,83.7012,83.8915,84.0821,84.2729,84.4638,84.5572,84.6516,84.7467,84.8425,84.9388,85.0355,85.1326,85.2299,85.3275,85.4252
33f3b7580,netnegs,population,WorldOrig,600 GtCO2,-20 GtCO2/yr,-0.0506,954.9608 USD2005/tCO2,0.001,0.0240686,1,0.42 delta_degC/(TtCO2),7.6715,7.73712,7.80274,7.86836,7.93397,7.99959,8.06521,8.13083,8.19645,8.26206,8.32768,8.38063,8.43358,8.48653,8.53948,8.59243,8.64538,8.69833,8.75128,8.80423,8.85718,8.89571,8.93425,8.97279,9.01132,9.04986,9.0884,9.12693,9.16547,9.20401,9.24254,9.26429,9.28603,9.30777,9.32951,9.35126,9.373,9.39474,9.41648,9.43823,9.45997,9.46708,9.47419,9.48131,9.48842,9.49553,9.50264,9.50976,9.51687,9.52398,9.53109,9.52601,9.52092,9.51583,9.51075,9.50566,9.50057,9.49549,9.4904,9.48531,9.48023,9.46478,9.44932,9.43387,9.41842,9.40297,9.38752,9.37206,9.35661,9.34116,9.32571,9.30346,9.28121,9.25897,9.23672,9.21447,9.19222,9.16998,9.14773,9.12548,9.10323,9.08099,9.05874,9.03649,9.01425,8.992,8.96975,8.9475,8.92526,8.90301,8.88076,8.86296,8.84517,8.82737,8.80957,8.79177,8.77397,8.75618,8.73838,8.72058,8.70278,8.68944,8.67609,8.66274,8.64939,8.63604,8.62269,8.60935,8.596,8.58265,8.5693,8.5604,8.5515,8.5426,8.5337,8.52481,8.51591,8.50701,8.49811,8.48921,8.48031,8.47586,8.47141,8.46696,8.46251,8.45806,8.45361,8.44916,8.44472,8.44027,8.43582
33f3b7580,netnegs,regional_emissions,WorldOrig,600 GtCO2,-20 GtCO2/yr,-0.0506,954.9608 USD2005/tCO2,0.001,0.0240686,1,0.42 delta_degC/(TtCO2),43.478,41.278,39.078,36.878,34.6781,32.4781,30.2781,28.0781,25.8781,23.6781,21.4781,19.2782,17.0782,14.8782,12.6782,10.4782,8.27821,6.07823,3.87824,1.67826,0.545551,-0.0805295,-0.677533,-1.24685,-1.7896,-2.30674,-2.79903,-3.26708,-3.71148,-4.13272,-4.53123,-4.96149,-5.36689,-5.74767,-6.10403,-6.43624,-6.74449,-7.02902,-7.29002,-7.52765,-7.74216,-8.05119,-8.33818,-8.60272,-8.84426,-9.0625,-9.25686,-9.42709,-9.57266,-9.69324,-9.78846,-9.93493,-10.0548,-10.1472,-10.2116,-10.247,-10.2529,-10.2283,-10.1726,-10.0849,-9.96439,-9.87292,-9.74615,-9.58277,-9.3816,-9.14134,-8.86061,-8.53783,-8.17156,-7.76013,-7.3017,-6.86154,-6.36723,-5.81612,-5.20518,-4.53105,-3.79025,-2.97878,-2.09245,-1.12645,-0.0761827,-2.04036e-05,-9.92075e-06,-6.59062e-06,-4.94955e-06,-3.97117e-06,-3.32106e-06,-2.85776e-06,-2.51092e-06,-2.24168e-06,-2.02675e-06,-1.83976e-06,-1.68655e-06,-1.55888e-06,-1.45097e-06,-1.35871e-06,-1.27904e-06,-1.20968e-06,-1.14886e-06,-1.09522e-06,-1.04768e-06,-1.00259e-06,-9.62569e-07,-9.26934e-07,-8.95136e-07,-8.66733e-07,-8.41358e-07,-8.18707e-07,-7.98541e-07,-7.80659e-07,-7.64898e-07,-7.49812e-07,-7.36755e-07,-7.25645e-07,-7.16429e-07,-7.09082e-07,-7.03619e-07,-7.0009e-07,-6.98587e-07,-6.99254e-07,-7.023e-07,-7.06969e-07,-7.14691e-07,-7.26008e-07,-7.41692e-07,-7.62863e-07,-7.91204e-07,-8.29365e-07,-8.81769e-07,-9.56479e-07,-1.07015e-06
33f3b7580,netnegs,carbonprice,WorldOrig,600 GtCO2,-20 GtCO2/yr,-0.0506,954.9608 USD2005/tCO2,0.001,0.0240686,1,0.42 delta_degC/(TtCO2),3.13747e-33,0.00378628,0.0142536,0.0298582,0.0491321,0.0709107,0.0943532,0.118876,0.144076,0.169669,0.195454,0.219898,0.244627,0.269577,0.294692,0.319925,0.345236,0.370588,0.395949,0.421291,0.429143,0.429041,0.428884,0.428649,0.428317,0.427875,0.427311,0.426617,0.425787,0.424817,0.423706,0.423377,0.422876,0.4222,0.421348,0.420319,0.419113,0.417731,0.416174,0.414443,0.412542,0.411648,0.410543,0.409226,0.407698,0.40596,0.404012,0.401857,0.399497,0.396933,0.39417,0.391994,0.389593,0.386968,0.384119,0.381047,0.377754,0.374241,0.37051,0.366562,0.3624,0.358651,0.354663,0.350436,0.345969,0.341262,0.336315,0.331126,0.325696,0.320024,0.31411,0.308396,0.30241,0.296148,0.289607,0.282785,0.275676,0.268279,0.260587,0.252597,0.244308,0.242729,0.241676,0.240637,0.239611,0.238598,0.237599,0.236611,0.235636,0.234673,0.233722,0.232782,0.231856,0.23094,0.230037,0.229146,0.228265,0.227396,0.226536,0.225688,0.22485,0.224023,0.223206,0.222399,0.221603,0.220817,0.220041,0.219274,0.218516,0.217768,0.217028,0.216298,0.215577,0.214866,0.214162,0.213468,0.212782,0.212105,0.211435,0.210774,0.210121,0.209475,0.208837,0.208208,0.207586,0.206971,0.206365,0.205765,0.205173,0.204587,0.204009
33f3b7580,netnegs,capital_stock,WorldOrig,600 GtCO2,-20 GtCO2/yr,-0.0506,954.9608 USD2005/tCO2,0.001,0.0240686,1,0.42 delta_degC/(TtCO2),223,221.877,221.683,222.318,223.692,225.719,228.323,231.435,234.993,238.94,243.226,247.823,252.689,257.788,263.087,268.558,274.174,279.914,285.756,291.684,297.763,304.056,310.547,317.219,324.057,331.049,338.182,345.447,352.834,360.335,367.941,375.709,383.626,391.681,399.864,408.166,416.579,425.095,433.707,442.411,451.199,460.183,469.347,478.676,488.157,497.778,507.529,517.401,527.385,537.473,547.658,558.028,568.568,579.263,590.103,601.076,612.172,623.384,634.703,646.121,657.633,669.335,681.213,693.252,705.439,717.763,730.214,742.782,755.459,768.236,781.107,794.173,807.418,820.826,834.385,848.08,861.901,875.836,889.876,904.012,918.234,932.489,946.768,961.069,975.388,989.723,1004.07,1018.43,1032.8,1047.18,1061.56,1075.67,1089.53,1103.16,1116.6,1129.85,1142.94,1155.88,1168.69,1181.37,1193.95,1206.15,1218,1229.55,1240.82,1251.84,1262.64,1273.23,1283.64,1293.88,1303.97,1313.65,1322.95,1331.91,1340.57,1348.96,1357.1,1365.01,1372.72,1380.26,1387.62,1394.56,1401.11,1407.32,1413.21,1418.81,1424.16,1429.29,1434.2,1438.92,1443.48
33f3b7580,netnegs,GDP_gross,WorldOrig,600 GtCO2,-20 GtCO2/yr,-0.0506,954.9608 USD2005/tCO2,0.001,0.0240686,1,0.42 delta_degC/(TtCO2),101.602,106.072,110.524,114.956,119.366,123.753,128.115,132.451,136.762,141.048,145.309,149.595,153.858,158.1,162.32,166.519,170.699,174.86,179.004,183.13,187.256,191.598,195.947,200.301,204.663,209.032,213.408,217.793,222.185,226.585,230.993,235.748,240.508,245.275,250.049,254.828,259.615,264.408,269.208,274.015,278.829,284.322,289.816,295.313,300.813,306.316,311.823,317.333,322.848,328.368,333.893,339.945,346,352.056,358.116,364.179,370.246,376.316,382.391,388.471,394.555,401.21,407.867,414.526,421.187,427.852,434.521,441.193,447.869,454.549,461.233,468.525,475.818,483.112,490.407,497.704,505.003,512.304,519.607,526.913,534.221,541.523,548.818,556.108,563.393,570.673,577.948,585.22,592.487,599.751,607.012,612.786,618.564,624.347,630.133,635.922,641.713,647.506,653.3,659.096,664.892,669.204,673.524,677.851,682.184,686.521,690.863,695.207,699.554,703.903,708.254,711.122,713.999,716.883,719.773,722.669,725.568,728.47,731.375,734.283,737.192,738.619,740.055,741.498,742.947,744.401,745.859,747.32,748.784,750.249,751.717
33f3b7580,netnegs,GDP_net,WorldOrig,600 GtCO2,-20 GtCO2/yr,-0.0506,954.9608 USD2005/tCO2,0.001,0.0240686,1,0.42 delta_degC/(TtCO2),101.602,105.971,110.298,114.567,118.77,122.899,126.954,130.934,134.841,138.677,142.443,146.226,149.95,153.617,157.23,160.791,164.303,167.768,171.189,174.569,178.34,182.521,186.716,190.924,195.148,199.386,203.641,207.911,212.198,216.502,220.822,225.489,230.172,234.871,239.586,244.317,249.065,253.83,258.611,263.409,268.224,273.664,279.116,284.583,290.063,295.559,301.07,306.597,312.139,317.698,323.272,329.353,335.447,341.557,347.682,353.822,359.979,366.151,372.339,378.543,384.763,391.543,398.336,405.144,411.966,418.801,425.651,432.515,439.391,446.281,453.182,460.669,468.166,475.672,483.188,490.712,498.243,505.781,513.324,520.87,528.419,535.725,543.007,550.283,557.554,564.821,572.083,579.341,586.595,593.846,601.094,606.862,612.635,618.412,624.193,629.976,635.761,641.548,647.336,653.125,658.915,663.228,667.549,671.877,676.21,680.548,684.89,689.234,693.581,697.93,702.28,705.155,708.039,710.929,713.825,716.726,719.631,722.539,725.449,728.362,731.276,732.715,734.162,735.616,737.076,738.541,740.009,741.481,742.954,744.43,745.907
33f3b7580,netnegs,abatement_costs,WorldOrig,600 GtCO2,-20 GtCO2/yr,-0.0506,954.9608 USD2005/tCO2,0.001,0.0240686,1,0.42 delta_degC/(TtCO2),-1.27317e-47,0.00353498,0.0266161,0.0835934,0.183222,0.330045,0.525929,0.771164,1.06512,1.40662,1.79415,2.19423,2.63452,3.1143,3.63282,4.18923,4.78265,5.41216,6.07682,6.77568,7.08751,7.20648,7.32112,7.4312,7.53651,7.63685,7.73207,7.82201,7.90657,7.98565,8.05916,8.13342,8.20144,8.26311,8.31832,8.36703,8.40916,8.4447,8.47362,8.49591,8.5116,8.58079,8.6426,8.69687,8.74342,8.78217,8.81296,8.83574,8.85041,8.85692,8.85523,8.87678,8.88933,8.89275,8.88691,8.87171,8.84706,8.81289,8.76914,8.71577,8.65275,8.60045,8.53767,8.46431,8.3803,8.28559,8.18013,8.0639,7.9369,7.79913,7.65062,7.52156,7.38008,7.22614,7.05972,6.88083,6.68949,6.48578,6.2698,6.0417,5.80182,5.79757,5.81126,5.82487,5.83839,5.85183,5.8652,5.8785,5.89174,5.90491,5.91803,5.92347,5.92903,5.93469,5.94046,5.94631,5.95223,5.95824,5.96431,5.97044,5.97663,5.97557,5.97471,5.97402,5.97351,5.97316,5.97293,5.97287,5.97292,5.97308,5.97337,5.96672,5.96031,5.95412,5.94813,5.94233,5.93672,5.93127,5.92598,5.92084,5.91587,5.9042,5.8928,5.88164,5.87069,5.85996,5.84945,5.83911,5.82896,5.81898,5.80917
33f3b7580,netnegs,damage_costs,WorldOrig,600 GtCO2,-20 GtCO2/yr,-0.0506,954.9608 USD2005/tCO2,0.001,0.0240686,1,0.42 delta_degC/(TtCO2),1.48872e-07,0.000922374,0.00180864,0.0026569,0.00346509,0.00423128,0.00495363,0.00563045,0.00626017,0.00684134,0.00737262,0.00785283,0.00828087,0.00865579,0.00897675,0.00924305,0.0094541,0.00960943,0.0097087,0.0097517,0.00976568,0.00976362,0.00974625,0.00971431,0.00966848,0.00960945,0.00953788,0.00945443,0.00935973,0.00925443,0.00913914,0.0090131,0.008877,0.00873151,0.00857731,0.00841506,0.00824542,0.00806903,0.00788654,0.00769857,0.00750574,0.00730576,0.00709923,0.00688677,0.006669,0.00644654,0.00622003,0.00599011,0.0057574,0.00552256,0.00528622,0.00504717,0.0048061,0.00456368,0.0043206,0.00407757,0.0038353,0.00359449,0.00335587,0.00312019,0.00288816,0.0026591,0.00243379,0.00221304,0.00199769,0.00178856,0.00158654,0.00139251,0.00120738,0.00103209,0.000867631,0.000713496,0.000570822,0.000440798,0.000324676,0.000223781,0.000139515,7.33751e-05,2.69603e-05,1.98867e-06,3.00211e-07,2.99759e-07,2.99539e-07,2.99393e-07,2.99283e-07,2.99195e-07,2.99121e-07,2.99058e-07,2.99002e-07,2.98953e-07,2.98908e-07,2.98867e-07,2.9883e-07,2.98795e-07,2.98763e-07,2.98733e-07,2.98705e-07,2.98678e-07,2.98652e-07,2.98628e-07,2.98605e-07,2.98583e-07,2.98561e-07,2.98541e-07,2.98521e-07,2.98502e-07,2.98483e-07,2.98465e-07,2.98447e-07,2.9843e-07,2.98413e-07,2.98396e-07,2.9838e-07,2.98364e-07,2.98348e-07,2.98332e-07,2.98317e-07,2.98301e-07,2.98286e-07,2.9827e-07,2.98255e-07,2.98239e-07,2.98223e-07,2.98207e-07,2.98191e-07,2.98174e-07,2.98156e-07,2.98138e-07,2.98118e-07,2.98097e-07,2.98073e-07
33f3b7580,netnegs,resid_damages,WorldOrig,600 GtCO2,-20 GtCO2/yr,-0.0506,954.9608 USD2005/tCO2,0.001,0.0240686,1,0.42 delta_degC/(TtCO2),1.48872e-07,0.000922374,0.00180864,0.0026569,0.00346509,0.00423128,0.00495363,0.00563045,0.00626017,0.00684134,0.00737262,0.00785283,0.00828087,0.00865579,0.00897675,0.00924305,0.0094541,0.00960943,0.0097087,0.0097517,0.00976568,0.00976362,0.00974625,0.00971431,0.00966848,0.00960945,0.00953788,0.00945443,0.00935973,0.00925443,0.00913914,0.0090131,0.008877,0.00873151,0.00857731,0.00841506,0.00824542,0.00806903,0.00788654,0.00769857,0.00750574,0.00730576,0.00709923,0.00688677,0.006669,0.00644654,0.00622003,0.00599011,0.0057574,0.00552256,0.00528622,0.00504717,0.0048061,0.00456368,0.0043206,0.00407757,0.0038353,0.00359449,0.00335587,0.00312019,0.00288816,0.0026591,0.00243379,0.00221304,0.00199769,0.00178856,0.00158654,0.00139251,0.00120738,0.00103209,0.000867631,0.000713496,0.000570822,0.000440798,0.000324676,0.000223781,0.000139515,7.33751e-05,2.69603e-05,1.98867e-06,3.00211e-07,2.99759e-07,2.99539e-07,2.99393e-07,2.99283e-07,2.99195e-07,2.99121e-07,2.99058e-07,2.99002e-07,2.98953e-07,2.98908e-07,2.98867e-07,2.9883e-07,2.98795e-07,2.98763e-07,2.98733e-07,2.98705e-07,2.98678e-07,2.98652e-07,2.98628e-07,2.98605e-07,2.98583e-07,2.98561e-07,2.98541e-07,2.98521e-07,2.98502e-07,2.98483e-07,2.98465e-07,2.98447e-07,2.9843e-07,2.98413e-07,2.98396e-07,2.9838e-07,2.98364e-07,2.98348e-07,2.98332e-07,2.98317e-07,2.98301e-07,2.98286e-07,2.9827e-07,2.98255e-07,2.98239e-07,2.98223e-07,2.98207e-07,2.98191e-07,2.98174e-07,2.98156e-07,2.98138e-07,2.98118e-07,2.98097e-07,2.98073e-07
33f3b7580,netnegs,gross_damages,WorldOrig,600 GtCO2,-20 GtCO2/yr,-0.0506,954.9608 USD2005/tCO2,0.001,0.0240686,1,0.42 delta_degC/(TtCO2),1.48872e-07,0.000922374,0.00180864,0.0026569,0.00346509,0.00423128,0.00495363,0.00563045,0.00626017,0.00684134,0.00737262,0.00785283,0.00828087,0.00865579,0.00897675,0.00924305,0.0094541,0.00960943,0.0097087,0.0097517,0.00976568,0.00976362,0.00974625,0.00971431,0.00966848,0.00960945,0.00953788,0.00945443,0.00935973,0.00925443,0.00913914,0.0090131,0.008877,0.00873151,0.00857731,0.00841506,0.00824542,0.00806903,0.00788654,0.00769857,0.00750574,0.00730576,0.00709923,0.00688677,0.006669,0.00644654,0.00622003,0.00599011,0.0057574,0.00552256,0.00528622,0.00504717,0.0048061,0.00456368,0.0043206,0.00407757,0.0038353,0.00359449,0.00335587,0.00312019,0.00288816,0.0026591,0.00243379,0.00221304,0.00199769,0.00178856,0.00158654,0.00139251,0.00120738,0.00103209,0.000867631,0.000713496,0.000570822,0.000440798,0.000324676,0.000223781,0.000139515,7.33751e-05,2.69603e-05,1.98867e-06,3.00211e-07,2.99759e-07,2.99539e-07,2.99393e-07,2.99283e-07,2.99195e-07,2.99121e-07,2.99058e-07,2.99002e-07,2.98953e-07,2.98908e-07,2.98867e-07,2.9883e-07,2.98795e-07,2.98763e-07,2.98733e-07,2.98705e-07,2.98678e-07,2.98652e-07,2.98628e-07,2.98605e-07,2.98583e-07,2.98561e-07,2.98541e-07,2.98521e-07,2.98502e-07,2.98483e-07,2.98465e-07,2.98447e-07,2.9843e-07,2.98413e-07,2.98396e-07,2.9838e-07,2.98364e-07,2.98348e-07,2.98332e-07,2.98317e-07,2.98301e-07,2.98286e-07,2.9827e-07,2.98255e-07,2.98239e-07,2.98223e-07,2.98207e-07,2.98191e-07,2.98174e-07,2.98156e-07,2.98138e-07,2.98118e-07,2.98097e-07,2.98073e-07
33f3b7580,netnegs,adapt_costs,WorldOrig,600 GtCO2,-20 GtCO2/yr,-0.0506,954.9608 USD2005/tCO2,0.001,0.0240686,1,0.42 delta_degC/(TtCO2),-8.84926e-26,1.31684e-26,1.02133e-26,6.94588e-27,8.89615e-26,-1.43256e-25,1.04695e-26,1.40281e-25,-4.14912e-26,7.53581e-26,7.41406e-26,5.20295e-26,1.34574e-25,2.77993e-26,1.13047e-25,-5.38186e-26,-1.70941e-26,7.92996e-26,1.42125e-25,2.05957e-25,7.31678e-26,4.95234e-26,1.32031e-25,1.61788e-25,1.17791e-25,-3.0283e-25,-1.02767e-25,4.10566e-27,7.60862e-26,-1.42762e-25,-1.60874e-25,6.52714e-26,-3.09216e-25,-1.16461e-25,-4.70922e-26,-3.76224e-26,-1.25368e-25,1.28466e-26,-8.88411e-26,1.12544e-25,-8.59035e-26,-2.72081e-25,2.03546e-25,1.40592e-25,5.7611e-26,2.02663e-25,-6.90028e-26,-5.61222e-26,1.72037e-26,-8.24187e-26,8.08175e-26,-1.31756e-25,-8.11164e-26,4.32646e-26,1.56687e-25,-7.73331e-26,2.31155e-25,-3.62671e-26,6.97379e-26,4.75967e-26,4.62756e-26,1.45753e-26,5.46319e-26,9.40349e-26,-1.65166e-25,-7.34407e-26,-9.9589e-26,1.41742e-25,5.56737e-26,-6.05785e-26,-5.58528e-26,-5.45901e-26,-1.14374e-25,3.73077e-26,-7.10553e-26,-1.60731e-25,-6.34405e-26,-3.94432e-26,1.65532e-25,5.61117e-26,7.31416e-26,1.31876e-26,7.06269e-26,7.32955e-27,-1.28618e-26,2.66914e-26,-1.44312e-25,7.40343e-26,-4.05803e-27,1.21216e-26,9.31743e-26,-7.4055e-27,4.19579e-26,1.08824e-26,5.49686e-27,5.74062e-27,2.50933e-26,2.06504e-26,4.04073e-26,1.07916e-25,1.0713e-25,-1.01438e-25,-8.25132e-26,-8.16527e-26,9.20194e-26,-7.17186e-27,3.27163e-26,7.14096e-27,9.66809e-26,2.14764e-26,3.35959e-26,5.3948e-26,2.82696e-26,-1.26347e-26,4.57695e-26,8.06917e-27,-4.66184e-26,8.49541e-26,1.96793e-25,-5.40392e-26,-2.44366e-26,4.67924e-26,-5.34427e-27,3.4402e-26,-3.99388e-26,2.90298e-26,1.65041e-25,1.75317e-26,-7.62942e-26,-2.86586e-26,2.53152e-26
33f3b7580,netnegs,adapt_level,WorldOrig,600 GtCO2,-20 GtCO2/yr,-0.0506,954.9608 USD2005/tCO2,0.001,0.0240686,1,0.42 delta_degC/(TtCO2),0,0,0,0,0,0,0,0,0,0,0,0,0,0,0,0,0,0,0,0,0,0,0,0,0,0,0,0,0,0,0,0,0,0,0,0,0,0,0,0,0,0,0,0,0,0,0,0,0,0,0,0,0,0,0,0,0,0,0,0,0,0,0,0,0,0,0,0,0,0,0,0,0,0,0,0,0,0,0,0,0,0,0,0,0,0,0,0,0,0,0,0,0,0,0,0,0,0,0,0,0,0,0,0,0,0,0,0,0,0,0,0,0,0,0,0,0,0,0,0,0,0,0,0,0,0,0,0,0,0,0
33f3b7580,netnegs,consumption,WorldOrig,600 GtCO2,-20 GtCO2/yr,-0.0506,954.9608 USD2005/tCO2,0.001,0.0240686,1,0.42 delta_degC/(TtCO2),80.2657,83.7168,87.1352,90.5082,93.8279,97.0904,100.294,103.438,106.525,109.554,112.53,115.519,118.46,121.357,124.211,127.025,129.799,132.537,135.239,137.909,140.889,144.192,147.505,150.83,154.167,157.515,160.876,164.25,167.637,171.037,174.45,178.137,181.836,185.548,189.273,193.01,196.761,200.526,204.303,208.093,211.897,216.194,220.502,224.82,229.15,233.492,237.845,242.211,246.59,250.981,255.385,260.189,265.003,269.83,274.669,279.52,284.383,289.259,294.148,299.049,303.963,309.319,314.686,320.064,325.453,330.853,336.264,341.687,347.119,352.562,358.014,363.929,369.851,375.781,381.718,387.662,393.612,399.567,405.526,411.488,417.451,423.223,428.975,434.724,440.468,446.208,451.945,457.679,463.41,469.139,474.864,479.421,483.982,488.546,493.112,497.681,502.251,506.823,511.395,515.969,520.543,523.95,527.364,530.783,534.206,537.633,541.063,544.495,547.929,551.365,554.801,557.073,559.351,561.634,563.922,566.214,568.508,570.806,573.105,575.406,577.708,578.845,579.988,581.137,582.29,583.447,584.607,585.77,586.934,588.1,589.267
33f3b7580,netnegs,utility,WorldOrig,600 GtCO2,-20 GtCO2/yr,-0.0506,954.9608 USD2005/tCO2,0.001,0.0240686,1,0.42 delta_degC/(TtCO2),1.34508,1.37858,1.41008,1.43961,1.46726,1.49314,1.51737,1.54008,1.56139,1.58141,1.60025,1.62007,1.63887,1.65672,1.6737,1.68988,1.7053,1.72002,1.7341,1.74758,1.76292,1.7817,1.80004,1.81798,1.83552,1.8527,1.86951,1.88599,1.90214,1.91797,1.93351,1.95202,1.97017,1.98799,2.00548,2.02266,2.03953,2.05611,2.07241,2.08844,2.1042,2.12347,2.14239,2.16097,2.17924,2.1972,2.21487,2.23226,2.24937,2.26622,2.28281,2.30192,2.32073,2.33925,2.35749,2.37547,2.3932,2.41068,2.42791,2.44492,2.46169,2.48072,2.49949,2.51801,2.53628,2.55432,2.57212,2.5897,2.60706,2.62421,2.64115,2.65986,2.67833,2.69657,2.71458,2.73238,2.74996,2.76733,2.7845,2.80146,2.81823,2.83435,2.85024,2.86595,2.88148,2.89684,2.91203,2.92706,2.94194,2.95666,2.97124,2.98275,2.99418,3.00553,3.01681,3.02801,3.03913,3.05018,3.06115,3.07205,3.08287,3.0909,3.0989,3.10687,3.1148,3.12271,3.13058,3.13842,3.14623,3.154,3.16174,3.16684,3.17194,3.17704,3.18212,3.1872,3.19227,3.19732,3.20237,3.2074,3.21242,3.2149,3.21739,3.21989,3.22238,3.22488,3.22739,3.22989,3.23239,3.23489,3.23739
